a_s = 2.042494429828233e-09
baryon_fraction = 0.156
cs2_de = 1.0
h0 = 0.67
hubble = 67.0
k = -0.0
k_s = 0.05000000074505806
log_fr0 = -6.0
n = 1.0
n_run = 0.0
n_s = 0.993
ombh2 = 0.021008520000000003
omch2 = 0.11366148000000001
omega_b = 0.0468
omega_c = 0.2532
omega_k = 0.0
omega_lambda = 0.7
omega_m = 0.3
omega_nu = 0.0
ommh2 = 0.13467
omnuh2 = 0.0
r_t = 0.0
sigma8_input = 0.8
sigma_8 = 0.8
tau = 0.08
w = -1.0
wa = 0.0
yhe = 0.245341
